0,23,428,64
1,24,27,26
2,23,1656,169
3,24,170,33
4,23,76,31
5,23,746,84
6,24,229,47
7,25,401,69
8,24,369,69
9,26,304,59
10,23,492,69
11,23,471,68
12,23,190,37
13,23,189,38
14,24,1467,149
15,24,216,44
16,24,168,36
17,24,263,47
18,23,184,38
19,23,271,46
20,23,37,25
21,24,818,94
22,23,566,71
23,24,177,38
24,27,176,42
25,24,514,64
26,24,374,63
27,23,140,38
28,23,1124,120
29,23,59,28
30,23,434,64
31,23,72,31
32,27,147,39
33,27,260,55
34,23,338,53
35,23,5,24
36,24,536,70
37,23,292,52
38,24,1371,143
39,23,458,59
40,24,81,31
41,23,144,35
42,24,37,28
43,24,501,62
44,24,63,30
45,24,839,107
46,24,51,29
47,27,31,29
48,24,1650,179
49,28,325,55
50,23,528,68
51,23,199,40
52,23,79,30
53,23,68,29
54,23,874,102
55,23,191,39
56,23,147,38
57,23,1457,160
58,24,597,85
59,23,35,26
60,24,105,30
61,24,834,116
62,26,121,35
63,23,294,42
64,26,284,52
65,26,1016,124
66,24,68,30
67,23,732,82
68,23,29,25
69,23,271,48
70,23,1160,119
71,23,25,25
72,23,401,52
73,24,316,45
74,24,369,55
75,25,61,31
76,24,62,30
77,23,366,59
78,23,558,69
79,23,137,38
80,24,93,30
81,23,609,84
82,23,604,78
83,24,733,87
84,24,386,52
85,25,66,32
86,23,48,27
87,23,120,31
88,23,736,85
89,23,423,61
90,23,28,25
91,23,1323,133
92,25,519,69
93,24,714,87
94,24,258,46
95,23,192,41
96,24,421,64
97,24,52,28
98,24,619,90
99,23,14,24
100,24,647,87
101,24,225,46
102,24,644,77
103,24,116,33
104,23,63,29
105,23,347,52
106,23,319,46
107,23,1019,111
108,24,258,44
109,23,363,59
110,25,217,46
111,23,23,24
112,26,236,49
113,24,219,42
114,33,1461,171
115,27,47,30
116,24,146,39
117,24,199,42
118,27,11,28
119,25,50,31
120,24,150,36
121,24,262,39
122,24,104,33
123,23,54,27
124,23,805,86
125,23,103,32
126,23,317,54
127,23,39,27
128,23,363,58
129,24,957,117
130,26,526,67
131,23,360,57
132,23,148,35
133,35,465,76
134,24,128,37
135,26,270,48
136,23,144,34
137,24,1495,146
138,25,1070,118
139,23,293,44
140,23,87,31
141,24,66,29
142,24,5,24
143,24,22,25
144,23,161,33
145,26,1176,150
146,23,270,46
147,23,103,36
148,24,626,91
149,26,478,68
150,24,30,27
151,23,41,27
152,33,393,74
153,26,1159,128
154,24,51,28
155,23,1625,155
156,24,81,32
157,23,153,38
158,23,1145,117
159,24,357,47
160,25,474,69
161,24,2115,201
162,23,186,40
163,23,333,46
164,27,408,61
165,23,208,36
166,25,212,42
167,23,263,50
168,23,136,38
169,25,332,50
170,24,501,63
171,24,569,77
172,23,186,37
173,23,59,29
174,23,121,33
175,24,226,45
176,23,528,74
177,24,120,30
178,25,56,29
179,23,518,76
180,26,207,41
181,23,141,35
182,23,389,59
183,23,125,33
184,23,61,27
185,23,39,25
186,27,329,54
187,23,354,52
188,24,537,71
189,25,112,32
190,23,83,29
191,23,320,50
192,23,38,28
193,23,36,26
194,24,66,30
195,23,612,76
196,23,17,26
197,23,127,31
198,23,123,33
199,23,270,44
200,23,63,27
201,24,601,78
202,23,1149,118
203,23,560,65
204,24,40,27
205,23,632,77
206,25,18,27
207,23,56,26
208,27,16,29
209,26,271,47
210,24,170,38
211,23,1315,142
212,23,423,66
213,23,48,29
214,23,249,46
215,23,105,32
216,23,249,43
217,24,1702,167
218,24,211,40
219,26,6,26
220,23,1163,126
221,23,215,41
222,23,222,39
223,24,155,33
224,23,8,23
225,27,264,46
226,23,443,62
227,24,572,72
228,23,626,67
229,24,567,71
230,24,804,101
231,23,794,82
232,23,8,24
233,23,23,25
234,23,662,84
235,23,703,86
236,23,605,72
237,23,75,31
238,23,336,49
239,23,132,35
240,23,379,58
241,23,43,24
242,23,879,100
243,25,70,31
244,24,280,51
245,24,21,26
246,23,123,36
247,26,915,112
248,24,378,61
249,24,1491,143
250,24,400,55
251,25,649,75
252,23,1152,117
253,23,99,33
254,23,81,30
255,23,646,78
256,23,165,37
257,24,113,33
258,26,794,98
259,23,233,43
260,24,564,79
261,23,54,28
262,23,916,102
263,23,1216,121
264,23,890,103
265,23,89,31
266,24,263,45
267,23,867,106
268,23,602,78
269,24,80,29
270,26,126,41
271,23,353,54
272,23,267,47
273,23,1247,129
274,23,108,33
275,23,152,36
276,23,236,45
277,23,1,23
278,23,519,65
279,23,238,43
280,23,533,63
281,24,461,60
282,23,1989,187
283,26,134,38
284,25,1322,156
285,24,415,70
286,23,222,49
287,23,293,50
288,29,488,71
289,25,466,78
290,23,855,94
291,23,95,31
292,23,774,86
293,23,1124,122
294,23,79,28
295,24,363,55
296,27,87,35
297,23,402,57
298,23,444,65
299,23,223,43
300,24,2118,227
301,34,397,93
302,38,244,64
303,24,600,78
304,24,31,26
305,28,452,74
306,24,97,30
307,23,82,29
308,24,130,36
309,23,90,29
310,24,724,88
311,25,119,34
312,23,44,27
313,23,450,61
314,23,116,32
315,23,181,37
316,23,14,23
317,23,1170,122
318,23,538,73
319,24,88,32
320,24,435,62
321,23,884,104
322,23,1260,128
323,26,231,51
324,23,516,67
325,23,65,30
326,24,809,88
327,25,112,35
328,27,287,55
329,23,789,100
330,26,34,29
331,23,196,36
332,23,109,33
333,26,73,34
334,33,737,94
335,29,126,47
336,24,319,49
337,23,398,65
338,24,41,27
339,24,633,81
340,23,61,28
341,23,317,47
342,24,769,91
343,23,149,33
344,23,243,43
345,23,358,54
346,24,103,33
347,25,695,87
348,23,190,43
349,23,359,56
350,23,104,33
351,24,303,46
352,23,380,51
353,28,449,72
354,24,305,53
355,25,486,68
356,25,72,30
357,23,1076,111
358,23,7,24
359,23,269,43
360,23,207,38
361,23,240,45
362,23,244,39
363,23,296,48
364,23,212,41
365,23,1273,134
366,23,82,28
367,23,41,27
368,29,126,41
369,24,9,25
370,23,1179,129
371,23,210,42
372,32,48,38
373,23,1429,163
374,23,46,29
375,23,1116,127
376,24,20,27
377,24,845,103
378,23,688,85
379,24,271,46
380,24,56,28
381,23,599,76
382,24,165,42
383,25,70,31
384,23,1725,164
385,24,553,74
386,24,408,64
387,25,113,33
388,24,7,25
389,23,718,78
390,23,1065,108
391,23,513,66
392,23,473,72
393,23,277,45
394,24,374,54
395,23,67,29
396,25,265,48
397,23,506,74
398,23,771,94
399,23,325,47
400,23,65,27
401,23,74,27
402,23,85,32
403,26,235,43
404,23,261,51
405,24,171,38
406,25,454,69
407,25,208,44
408,24,17,25
409,23,413,61
410,23,5,24
411,23,434,61
412,23,14,24
413,23,1053,117
414,23,512,62
415,24,454,62
416,23,256,46
417,24,495,69
418,23,41,27
419,23,316,55
420,23,382,63
421,23,683,85
422,26,198,41
423,23,194,38
424,23,36,25
425,26,18,28
426,24,22,25
427,23,84,30
428,23,114,32
429,24,158,38
430,23,1315,140
431,23,422,62
432,23,562,70
433,23,160,37
434,24,506,68
435,23,173,43
436,23,1344,143
437,24,219,39
438,23,210,43
439,23,448,61
440,27,277,52
441,23,446,65
442,26,157,36
443,24,44,27
444,23,78,29
445,23,55,28
446,24,795,90
447,23,687,81
448,23,281,49
449,23,220,42
450,23,67,28
451,23,80,30
452,23,289,55
453,25,190,38
454,25,18,27
455,23,66,27
456,25,1,25
457,26,480,63
458,23,391,64
459,23,1028,128
460,26,420,67
461,24,696,91
462,23,1155,114
463,23,240,42
464,23,215,39
465,23,197,37
466,23,137,37
467,24,1,24
468,23,244,48
469,23,806,88
470,23,91,29
471,25,1291,142
472,23,208,38
473,23,454,65
474,23,85,31
475,23,26,24
476,23,493,63
477,25,133,37
478,24,469,72
479,25,244,47
480,26,276,46
481,25,372,53
482,26,597,81
483,25,268,47
484,25,419,62
485,25,108,35
486,25,24,26
487,23,34,27
488,23,112,32
489,23,176,42
490,24,287,44
491,27,151,41
492,26,1193,167
493,24,69,38
494,24,66,28
495,26,214,46
496,28,1162,162
497,36,394,79
498,25,583,86
499,24,737,88
500,35,667,105
501,25,251,44
502,24,1334,171
503,23,182,37
504,24,959,115
505,105,121,159
506,43,69,54
507,23,283,56
508,24,996,107
509,25,3,26
510,25,100,35
511,25,196,41
512,24,65,29
513,24,120,34
514,34,117,43
515,26,7,26
516,25,96,38
517,27,638,85
518,24,2,24
519,24,129,36
520,24,1357,151
521,24,471,68
522,24,483,66
523,23,1380,150
524,24,294,53
525,24,230,49
526,23,122,37
527,24,64,28
528,24,74,30
529,28,397,62
530,29,199,51
531,31,212,51
532,29,213,48
533,26,141,43
534,26,113,38
535,25,624,79
536,25,548,68
537,23,423,60
538,24,20,25
539,24,238,47
540,24,154,37
541,26,952,107
542,26,105,34
543,25,295,52
544,24,938,130
545,23,112,33
546,26,561,74
547,25,493,71
548,26,16,29
549,30,5,31
550,28,121,42
551,28,363,66
552,31,23,34
553,31,68,37
554,24,693,92
555,23,87,31
556,24,77,29
557,24,154,33
558,23,86,34
559,23,40,31
560,24,440,57
561,26,348,52
562,24,185,37
563,25,1904,191
564,26,140,39
565,26,53,31
566,25,250,47
567,25,38,30
568,23,857,100
569,24,42,29
570,24,277,46
571,24,117,34
572,24,99,35
573,25,91,33
574,23,405,66
575,24,647,76
576,24,655,78
577,26,176,39
578,24,123,39
579,23,70,31
580,28,204,48
581,24,280,47
582,24,9,24
583,28,21,30
584,24,1431,139
585,24,163,38
586,23,130,29
587,24,1246,135
588,24,485,71
589,25,824,106
590,23,1011,118
591,23,732,85
592,23,37,25
593,23,317,51
594,26,5,27
595,24,1388,140
596,26,120,35
597,24,298,48
598,23,1128,130
599,23,268,46
600,24,272,56
601,23,128,33
602,24,631,75
603,23,362,57
604,24,265,45
605,24,10,24
606,23,12,24
607,25,529,73
608,24,366,53
609,25,389,57
610,25,123,38
611,24,183,41
612,23,174,33
613,24,447,67
614,24,268,46
615,24,13,24
616,24,536,73
617,23,233,44
618,24,38,27
619,24,131,38
620,24,96,34
621,24,429,55
622,24,156,35
623,24,19,25
624,24,268,47
625,23,179,37
626,25,126,39
627,27,472,69
628,24,305,54
629,24,139,34
630,26,159,37
631,23,1618,164
632,27,2,27
633,28,15,29
634,25,398,66
635,25,105,33
636,25,337,56
637,24,8,24
638,23,763,89
639,24,60,30
640,23,1595,159
641,24,793,102
642,24,138,34
643,25,133,36
644,24,403,63
645,24,153,43
646,23,121,36
647,24,132,36
648,24,5,24
649,23,58,28
650,24,115,34
651,24,651,82
652,26,125,34
653,24,94,34
654,24,27,25
655,23,33,26
656,24,491,59
657,23,5,23
658,24,689,93
659,24,242,42
660,24,571,79
661,24,2,24
662,23,1110,113
663,24,48,29
664,23,427,57
665,24,190,40
666,23,22,26
667,23,609,85
668,24,424,59
669,24,206,39
670,24,79,31
671,24,103,30
672,30,447,72
673,27,450,66
674,25,28,27
675,40,252,75
676,24,378,62
677,29,646,99
678,24,140,36
679,24,7,24
680,24,192,42
681,24,420,61
682,24,13,26
683,24,1038,120
684,24,1666,170
685,24,124,37
686,24,69,32
687,28,138,42
688,27,181,42
689,23,450,64
690,24,201,39
691,24,137,36
692,24,585,79
693,24,29,27
694,23,917,91
695,29,73,36
696,23,343,60
697,23,235,42
698,24,526,65
699,23,300,52
700,24,142,41
701,23,1230,135
702,24,270,51
703,24,50,27
704,23,167,37
705,23,200,37
706,24,16,24
707,24,139,39
708,24,118,40
709,23,87,30
710,27,308,56
711,27,109,37
712,24,46,27
713,23,458,66
714,24,281,46
715,24,247,58
716,23,1169,123
717,24,1480,143
718,25,268,52
719,24,63,27
720,27,6,27
721,27,241,51
722,24,13,25
723,24,96,33
724,26,316,49
725,24,40,27
726,24,494,73
727,24,235,51
728,24,79,28
729,24,831,96
730,25,103,33
731,23,16,25
732,23,42,28
733,23,226,38
734,24,1019,113
735,23,793,97
736,25,335,55
737,25,683,92
738,24,308,59
739,24,191,38
740,24,170,40
741,24,1238,127
742,28,2671,280
743,24,1011,116
744,24,271,49
745,24,887,104
746,23,167,33
747,24,190,38
748,24,180,36
749,23,25,25
750,24,832,88
751,25,359,58
752,23,178,36
753,24,298,52
754,23,702,95
755,23,295,54
756,23,542,73
757,24,310,50
758,25,117,35
759,25,343,53
760,26,432,69
761,26,58,32
762,26,46,33
763,26,88,33
764,25,760,97
765,31,291,56
766,30,75,35
767,23,407,66
768,23,308,53
769,26,884,113
770,25,64,36
771,25,90,33
772,26,510,81
773,25,601,81
774,23,551,69
775,24,433,66
776,24,22,26
777,24,394,54
778,25,411,63
779,26,264,57
780,29,35,33
781,25,351,58
782,25,215,43
783,26,434,65
784,26,39,27
785,25,130,32
786,28,1216,151
787,25,550,84
788,26,18,26
789,25,343,54
790,25,78,31
791,28,116,40
792,25,148,40
793,25,20,26
794,25,1013,123
795,24,237,49
796,25,161,43
797,28,103,40
798,23,535,78
799,24,870,98
800,24,107,35
801,24,169,38
802,24,23,25
803,26,130,35
804,24,152,33
805,26,180,45
806,23,11,25
807,24,1468,157
808,24,11,25
809,24,103,33
810,30,982,140
811,31,686,116
812,25,334,58
813,31,357,70
814,26,889,120
815,25,132,38
816,25,756,102
817,26,85,31
818,24,453,67
819,24,10,25
820,24,4,25
821,24,258,47
822,24,142,32
823,28,379,63
824,24,144,34
825,24,78,27
826,26,75,37
827,25,177,40
828,24,338,53
829,29,102,39
830,26,164,48
831,24,53,32
832,24,147,36
833,24,230,50
834,24,227,38
835,24,1448,151
836,24,992,110
837,24,135,40
838,25,331,59
839,24,63,29
840,23,93,33
841,23,433,62
842,24,230,47
843,24,65,29
844,24,405,57
845,27,98,38
846,24,1396,151
847,25,279,48
848,24,123,35
849,24,288,51
850,24,193,44
851,24,699,78
852,25,125,36
853,24,81,29
854,24,405,64
855,24,174,38
856,25,107,31
857,24,33,30
858,27,1063,124
859,24,294,50
860,24,140,36
861,24,60,30
862,27,666,97
863,24,108,34
864,25,44,30
865,24,91,34
866,25,320,51
867,24,270,48
868,24,612,78
869,24,515,78
870,29,1398,167
871,25,132,38
872,32,190,48
873,26,473,78
874,25,510,75
875,30,103,42
876,24,114,33
877,24,1170,121
878,28,27,32
879,24,206,41
880,25,78,31
881,26,117,37
882,24,233,53
883,24,76,32
884,24,1786,177
885,24,695,75
886,24,203,43
887,24,1041,107
888,24,283,48
889,24,128,35
890,27,293,52
891,24,100,31
892,25,11,26
893,23,280,46
894,25,119,38
895,24,385,52
896,33,263,56
897,24,1248,162
898,24,1098,123
899,24,406,56
900,25,791,95
901,24,1717,164
902,26,94,34
903,26,480,71
904,26,80,30
905,23,841,103
906,24,399,59
907,23,16,25
908,25,48,28
909,26,246,46
910,23,60,27
911,25,60,30
912,25,323,51
913,24,90,34
914,24,458,64
915,39,323,70
916,24,708,80
917,24,964,102
918,23,136,32
919,24,73,30
920,24,61,29
921,24,1211,127
922,25,116,37
923,24,256,47
924,23,137,39
925,24,772,87
926,23,47,28
927,27,302,61
928,24,571,71
929,24,8,24
930,24,45,27
931,24,259,52
932,26,852,113
933,24,222,41
934,24,124,37
935,24,1072,124
936,24,494,74
937,24,42,29
938,25,131,34
939,26,326,58
940,24,1140,124
941,24,32,27
942,23,576,71
943,26,362,62
944,25,4,26
945,24,755,88
946,25,296,49
947,24,141,34
948,24,557,70
949,24,99,29
950,24,361,56
951,25,1136,121
952,24,285,47
953,24,288,45
954,24,1388,149
955,25,72,30
956,24,29,27
957,24,305,48
958,24,192,45
959,30,204,47
960,24,1207,142
961,24,112,33
962,24,1107,113
963,24,314,50
964,24,539,69
965,24,797,83
966,24,607,76
967,24,1092,118
968,24,737,90
969,26,1167,131
970,24,157,43
971,24,58,28
972,28,63,33
973,23,235,43
974,26,197,41
975,25,457,66
976,24,171,41
977,25,164,39
978,24,59,29
979,24,91,33
980,23,8,25
981,24,19,25
982,24,553,78
983,24,266,44
984,26,892,107
985,24,241,50
986,24,291,48
987,23,94,32
988,24,253,45
989,24,1341,144
990,23,762,80
991,24,94,33
992,23,308,48
993,25,226,44
994,25,211,41
995,28,822,106
996,24,384,63
997,23,526,75
998,24,188,41
999,24,135,36
1000,24,191,39
1001,24,507,76
1002,24,165,43
1003,24,162,36
1004,23,49,26
1005,24,498,68
1006,25,610,82
1007,24,397,55
1008,24,77,32
1009,23,75,30
1010,24,222,45
1011,24,129,33
1012,27,11,28
1013,24,94,30
1014,25,1229,131
1015,24,144,36
1016,24,19,25
1017,25,330,60
1018,23,42,26
1019,23,512,71
1020,24,52,29
1021,24,92,33
1022,25,269,40
1023,24,188,36
