509,534,3,534
467,537,1,537
657,539,5,539
219,540,6,540
605,540,10,540
224,541,8,541
277,542,1,542
515,543,7,544
632,544,2,544
111,545,23,545
706,544,16,545
648,547,5,547
316,548,14,548
661,548,2,548
722,548,13,549
929,551,8,551
518,551,2,552
606,532,12,552
456,555,1,555
358,535,7,556
142,537,5,557
20,536,37,557
679,539,7,559
615,540,13,560
408,539,17,561
793,543,20,562
819,541,10,562
241,542,43,563
582,544,9,563
944,543,4,563
35,542,5,564
412,543,14,564
720,545,6,564
410,545,5,567
594,547,5,567
369,548,9,569
424,530,36,570
426,532,22,571
637,542,8,572
633,535,15,574
475,536,26,575
549,536,5,575
674,536,28,575
749,537,25,576
981,538,19,576
99,555,14,576
802,539,23,577
115,539,47,579
623,539,19,579
1016,540,19,580
185,540,39,580
654,542,27,581
90,539,28,581
232,543,8,582
388,543,7,582
583,544,21,583
907,545,16,583
118,545,11,585
486,545,24,585
71,532,25,590
980,536,8,592
143,534,22,593
592,533,37,593
47,538,31,596
245,539,21,597
1012,542,11,599
784,540,39,599
808,560,11,602
892,544,11,602
208,546,16,604
425,527,18,604
682,546,13,604
538,547,20,605
552,546,23,605
788,577,18,605
233,532,23,608
454,549,18,608
206,551,18,610
304,533,31,610
207,535,56,613
68,537,29,614
666,537,22,615
731,538,16,617
548,540,16,618
59,541,35,618
806,545,11,621
725,545,40,622
196,549,17,626
1018,535,42,631
956,537,29,631
204,534,40,632
443,535,44,632
338,537,41,633
1,556,27,635
776,540,22,635
655,540,33,636
1004,545,49,640
193,545,36,641
820,621,4,641
712,545,46,642
930,545,45,642
878,530,27,644
455,529,66,645
487,534,34,647
908,531,48,647
42,534,37,648
86,533,48,648
330,539,34,654
400,538,65,654
150,541,30,656
910,544,60,659
376,547,20,660
719,547,63,662
123,530,54,664
618,531,38,664
941,550,32,664
971,530,58,664
127,533,39,666
151,533,41,666
401,534,74,667
184,535,61,669
269,537,80,671
494,537,66,671
693,537,29,671
703,550,50,672
367,538,41,674
312,541,44,675
527,542,64,675
200,543,63,677
418,544,41,678
732,529,42,680
978,533,59,684
29,535,59,688
663,533,48,688
780,537,35,688
380,535,56,689
649,537,58,689
154,535,51,690
450,540,67,693
97,539,52,693
294,541,79,694
356,539,72,694
567,541,38,694
178,544,56,697
728,544,79,697
243,544,70,698
904,548,80,700
261,551,54,703
972,532,63,704
46,547,51,705
192,534,38,706
444,534,78,706
445,535,55,706
949,534,99,706
955,534,72,706
864,536,44,707
926,537,47,708
1020,539,52,709
790,538,78,709
307,536,82,710
366,540,82,712
340,541,61,716
556,544,77,716
825,600,78,717
512,548,65,720
761,531,58,720
372,530,48,722
75,532,61,723
766,534,75,723
569,533,42,724
565,536,53,725
1013,537,94,727
374,537,46,727
309,539,90,728
53,537,68,728
843,556,65,728
937,538,42,728
141,540,66,730
470,540,91,730
119,541,50,731
104,543,63,732
213,542,48,732
553,542,68,732
586,541,130,733
880,543,78,733
911,546,60,737
920,548,61,738
52,530,79,740
427,533,84,742
194,535,66,743
383,537,70,747
639,540,60,749
762,542,46,750
85,541,66,750
173,543,59,752
839,579,63,752
528,544,74,753
817,577,85,753
190,561,83,754
671,545,103,755
856,577,107,755
44,531,63,758
831,569,53,759
919,533,73,760
66,532,68,761
861,552,60,761
76,535,62,762
395,545,67,763
763,537,88,763
80,555,93,765
306,539,97,768
451,540,80,768
60,540,105,768
506,541,69,769
177,541,120,770
891,544,100,771
635,529,105,776
254,530,81,778
579,536,70,783
325,537,65,784
771,539,90,785
709,541,87,787
265,540,89,788
770,543,64,788
857,561,33,788
1009,542,75,789
40,542,81,789
542,538,105,793
514,544,117,794
652,535,125,802
1008,537,77,803
197,537,127,803
291,537,95,803
559,540,40,803
695,540,73,805
573,542,91,806
670,543,79,806
87,538,120,806
510,529,100,814
140,532,87,815
189,561,112,815
237,549,75,815
31,532,72,815
711,532,109,815
428,533,114,816
555,551,87,817
4,536,76,819
474,536,85,819
319,536,88,820
612,536,174,820
387,539,113,822
274,541,108,825
3,543,170,830
62,543,121,834
829,547,102,834
876,545,114,834
686,530,69,835
311,533,119,837
979,536,91,837
223,537,155,840
488,534,112,840
883,556,76,841
144,539,161,843
402,541,85,843
730,542,103,843
804,540,152,843
853,588,81,843
314,541,116,844
346,543,103,845
922,540,116,845
938,543,131,845
991,542,94,845
103,540,116,846
257,543,113,846
961,543,112,846
125,545,103,849
987,543,94,849
918,545,136,851
1021,535,92,855
296,535,87,855
902,549,94,855
333,536,73,856
156,557,81,859
746,538,167,860
557,542,154,863
596,542,120,863
215,542,105,864
758,543,117,864
1011,542,129,867
343,540,149,867
822,561,142,867
183,531,125,869
913,547,90,869
122,533,104,871
875,550,103,872
708,535,118,874
174,534,121,876
493,536,69,876
332,539,109,878
327,543,112,882
723,541,96,882
513,541,120,884
803,541,130,884
558,531,86,889
545,548,112,891
601,545,128,891
863,532,108,892
646,534,121,894
685,533,124,894
485,537,108,895
442,536,157,896
253,538,99,897
571,538,117,897
620,538,96,897
630,538,159,899
350,540,104,900
840,551,93,900
136,540,144,902
947,546,141,905
198,546,123,906
809,617,103,906
642,544,138,908
653,531,94,908
824,546,144,913
865,549,91,913
678,535,140,914
889,535,128,914
335,539,126,918
550,540,121,918
629,555,139,919
246,545,123,921
41,531,144,929
572,533,99,929
650,551,115,929
643,533,133,931
239,544,132,932
815,535,132,932
181,536,141,933
691,537,137,933
120,538,150,936
748,540,180,938
860,540,140,938
881,561,117,938
516,541,96,939
622,542,156,939
791,544,116,940
800,544,107,940
1015,546,144,942
132,544,148,942
505,543,121,942
848,540,123,945
826,581,75,947
785,671,130,948
797,547,103,948
845,546,98,949
16,534,168,952
32,537,147,954
134,540,128,955
519,540,129,956
852,551,125,957
647,546,132,962
1003,546,162,963
1023,546,188,963
429,546,158,964
577,530,176,966
619,531,131,967
534,535,113,969
165,535,208,971
275,537,152,972
331,540,196,973
477,540,133,973
688,540,181,973
564,533,140,974
465,539,197,976
752,540,178,976
283,540,134,977
871,540,132,978
368,542,126,982
999,547,135,984
503,534,182,989
422,537,198,992
610,539,123,993
168,536,136,995
704,543,167,995
934,541,124,997
453,545,190,998